202599
lefteye_x lefteye_y righteye_x righteye_y nose_x nose_y leftmouth_x leftmouth_y rightmouth_x rightmouth_y
000001.jpg 165  184  244  176  196  249  194  271  266  260
000002.jpg 140  204  220  204  168  254  146  289  226  289
000003.jpg 244  104  264  105  263  121  235  134  251  140
000004.jpg 796  539  984  539  930  687  762  756  915  756
000005.jpg 273  169  328  161  298  172  283  208  323  207
000006.jpg 202  158  259  165  234  196  197  228  243  233
000007.jpg 129  198  204  190  163  242  140  277  202  271
000008.jpg 279  198  343  205  298  251  275  282  334  284
000009.jpg 706  446  846  442  802  538  698  578  842  574
000010.jpg 178  215  260  204  228  259  196  296  271  283
000011.jpg 204  130  250  120  234  157  217  177  255  168
000012.jpg 134   83  173   89  150  110  128  121  167  129
000013.jpg 165  255  266  246  223  315  168  350  270  341
000014.jpg 182  239  275  247  228  309  180  326  253  337
000015.jpg 151  181  219  167  199  211  178  252  234  240
000016.jpg 126  231  228  229  166  299  126  336  219  338
000017.jpg 59   95   86   89   75  109   65  119   93  113
000018.jpg 200  181  284  187  238  228  197  256  277  261
000019.jpg 268  156  321  156  295  186  275  209  316  208
000020.jpg 153  148  236  154  186  178  148  232  215  239
000021.jpg 170   95  214   91  193  125  178  143  216  143
000022.jpg 165   90  203   83  184  109  176  132  206  127
000023.jpg 230  210  312  201  275  267  240  299  313  288
000024.jpg 788  184  833  216  798  209  766  228  801  257
000025.jpg 301  185  371  175  330  216  316  261  375  252
000026.jpg 92   98  131  102  105  124   92  139  122  143
000027.jpg 122   99  157  102  147  127  116  139  150  140
000028.jpg 172  119  243  115  210  172  174  182  245  182
000029.jpg 140  148  197  134  178  166  156  205  209  193
000030.jpg 279  367  398  378  357  455  287  510  377  515
000031.jpg 157  236  270  232  211  304  147  342  273  341
000032.jpg 208  155  269  150  240  193  218  231  266  231
000033.jpg 117   94  159   96  136  121  118  138  154  139
000034.jpg 212   92  248   92  232  114  214  131  244  131
000035.jpg 367  211  419  223  385  249  359  267  401  277
000036.jpg 140  118  166  124  134  148  143  166  164  169
000037.jpg 150  161  199  160  183  194  155  227  192  227
000038.jpg 202  220  295  217  259  278  202  311  297  310
000039.jpg 197  255  232  257  224  274  194  291  230  294
000040.jpg 142  170  203  164  177  210  153  232  200  228
000041.jpg 180  177  225  192  170  232  181  243  236  256
000042.jpg 138  189  208  188  180  232  139  256  209  252
000043.jpg 174  128  228  120  208  156  182  179  238  171
000044.jpg 1050  1125  1369  1130  1194  1365  1071  1508  1358  1514
000045.jpg 262   95  313   99  280  134  256  146  308  152
000046.jpg 164  114  209  118  184  143  165  152  205  156
000047.jpg 204  190  283  183  246  232  218  265  284  261
000048.jpg 307  128  357  121  322  143  315  181  349  175
000049.jpg 65  75  78  78  65  90  65  98  76  99
000050.jpg 151   96  203  103  177  135  140  145  197  154
000051.jpg 139  225  243  231  173  295  136  312  229  329
000052.jpg 237  325  348  290  304  383  282  450  380  418
000053.jpg 63  109   94   98   87  124   76  142  101  133
000054.jpg 945   340  1038   340   988   397   941   423  1042   426
000055.jpg 112  196  208  193  155  249  124  294  201  296
000056.jpg 274  231  371  249  335  300  268  339  341  351
000057.jpg 255   82  291   85  277  108  253  126  283  129
000058.jpg 210  134  264  138  236  163  213  188  254  189
000059.jpg 206  300  274  268  232  343  252  388  310  369
000060.jpg 71  171  126  170   73  201   65  235  117  237
000061.jpg 245  170  302  165  289  207  253  262  291  255
000062.jpg 292  115  326  113  309  136  297  151  326  147
000063.jpg 23  103   58  108   33  131   18  137   58  143
000064.jpg 136  154  204  151  171  187  144  221  204  219
000065.jpg 427  187  488  193  451  228  424  250  478  254
000066.jpg 47  68  73  70  58  83  45  90  74  92
000067.jpg 327  213  403  218  373  269  329  304  393  305
000068.jpg 170  220  252  226  217  278  170  307  239  316
000069.jpg 128  168  216  169  172  199  147  254  200  257
000070.jpg 69   68   96   76   72   93   67   97   93  103
000071.jpg 113  192  182  196  142  238  117  259  179  260
000072.jpg 51   80   92   80   72  105   48  119   96  118
000073.jpg 195  131  249  137  203  167  197  192  239  199
000074.jpg 241  167  375  184  303  218  254  311  350  310
000075.jpg 287   55  321   53  297   71  292   92  319   91
000076.jpg 216   95  273   90  238  111  219  146  275  141
000077.jpg 138  226  228  219  177  281  151  310  237  304
000078.jpg 318  118  388  120  356  140  324  176  382  178
000079.jpg 125  157  199  154  146  213  133  242  194  238
000080.jpg 170  219  264  224  225  286  178  327  259  325
000081.jpg 152  124  202  137  177  163  137  175  189  186
000082.jpg 97   82  133   79  116  102  100  120  136  116
000083.jpg 138  165  201  166  167  206  139  225  199  228
000084.jpg 135  106  177  109  160  126  134  150  173  154
000085.jpg 457  614  689  578  585  758  521  838  725  810
000086.jpg 954   385  1054   415  1019   461   961   507  1019   523
000087.jpg 69   74  100   77   86   98   64  105   99  108
000088.jpg 138  251  220  229  171  299  172  346  222  336
000089.jpg 435  306  549  291  488  384  463  420  553  414
000090.jpg 72   88  104   90   91  111   76  130   98  131
000091.jpg 155  207  217  204  188  250  165  273  214  271
000092.jpg 176  148  232  156  206  187  174  202  216  209
000093.jpg 184   70  209   69  196   77  188   90  207   90
000094.jpg 197   86  233   99  212  114  186  122  222  136
000095.jpg 62   75   99   70   86   93   71  115   97  112
000096.jpg 424  275  547  283  492  330  435  402  527  408
000097.jpg 264  177  334  178  295  214  276  247  320  255
000098.jpg 467  107  499  101  480  128  479  142  500  140
000099.jpg 144  152  201  154  174  188  141  205  201  206
000100.jpg 396  322  531  333  480  405  387  457  516  473
000101.jpg 102   90  136  101  115  117   93  125  122  134
000102.jpg 113   59  155   70  122   75   99  107  136  115
000103.jpg 285  252  363  263  324  302  280  343  341  352
000104.jpg 130  194  188  185  164  229  139  252  200  243
000105.jpg 129   76  156   81  141   95  127  103  148  106
000106.jpg 307  288  383  300  353  354  293  366  371  375
000107.jpg 71  106  114  103   95  129   74  144  117  141
000108.jpg 275  180  348  184  312  227  269  251  345  256
000109.jpg 237  395  397  379  331  511  269  577  411  563
000110.jpg 248  225  333  206  297  273  261  296  348  277
000111.jpg 228  325  396  315  285  440  236  486  422  480
000112.jpg 149  120  196  120  170  146  146  161  198  162
000113.jpg 174   82  220   86  193  113  171  128  213  132
000114.jpg 213  153  279  147  254  194  228  223  286  212
000115.jpg 349  124  398  118  374  157  358  186  398  182
000116.jpg 169  168  242  170  206  212  162  240  241  240
000117.jpg 372  219  482  254  393  288  344  342  438  366
000118.jpg 156  203  226  197  208  254  159  272  224  264
000119.jpg 72  112  114  114   93  143   72  159  104  163
000120.jpg 96   51  113   53  121   72   88   77  110   86
000121.jpg 352  265  468  274  401  349  344  379  460  387
000122.jpg 198  137  263  140  226  178  194  199  263  202
000123.jpg 135  138  179  131  156  163  145  187  183  182
000124.jpg 1034   623  1288   688  1161   853   969   925  1169   971
000125.jpg 92  101  142  103  114  134   90  156  142  155
000126.jpg 304  171  386  161  334  222  315  245  393  240
000127.jpg 85   54  109   53   96   69   89   78  108   78
000128.jpg 257  257  298  309  243  315  200  292  241  341
000129.jpg 299  433  429  441  351  536  294  575  424  582
000130.jpg 92   93  123   93  106  117   94  129  119  128
000131.jpg 89  150  145  142  105  186   96  205  156  200
000132.jpg 502  362  621  359  553  438  510  474  632  474
000133.jpg 271  150  332  150  302  195  269  210  328  212
000134.jpg 139  162  192  171  145  206  139  230  198  233
000135.jpg 352  372  475  364  425  462  344  493  473  501
000136.jpg 98  141  138  139  111  168   99  186  139  187
000137.jpg 175  170  230  169  222  212  163  236  217  238
000138.jpg 166   70  216   77  191   97  162  129  215  131
000139.jpg 75   76  105   74   82   97   76  109  105  109
000140.jpg 253  193  314  179  300  222  272  261  325  251
000141.jpg 139   90  169   81  159  103  152  122  176  116
000142.jpg 269  143  328  157  290  192  259  211  304  223
000143.jpg 119  242  230  241  163  305  120  354  228  351
000144.jpg 134  127  170  134  135  154  133  177  159  182
000145.jpg 1063  1010  1470  1118  1255  1348   917  1394  1378  1502
000146.jpg 207  130  248  126  250  161  201  182  241  182
000147.jpg 931   435  1138   451  1031   558   946   647  1092   662
000148.jpg 180  172  235  159  231  205  198  254  243  239
000149.jpg 236  120  281   97  265  118  261  169  302  148
000150.jpg 428  322  519  311  479  383  445  425  506  421
000151.jpg 212  271  307  254  280  335  216  370  332  347
000152.jpg 119  187  205  178  173  230  136  273  218  261
000153.jpg 217  180  286  177  255  224  220  247  293  245
000154.jpg 292  269  364  258  332  301  312  353  372  346
000155.jpg 461  520  644  523  548  657  465  696  656  689
000156.jpg 119  218  217  217  154  279  125  317  223  314
000157.jpg 261  256  396  255  330  328  277  397  384  392
000158.jpg 57   97   96   95   70  120   62  141   98  138
000159.jpg 44  174   76  180   50  208   58  216   84  217
000160.jpg 237  170  297  180  258  220  231  236  281  244
000161.jpg 274  232  378  230  319  290  279  333  382  333
000162.jpg 164   42  193   59  166   57  145   72  170   87
000163.jpg 474  340  672  279  558  424  543  531  693  494
000164.jpg 115  179  196  180  146  228  116  281  190  279
000165.jpg 677  264  735  267  708  305  674  336  721  339
000166.jpg 552  270  648  257  593  312  564  376  648  360
000167.jpg 202   97  224  105  220  118  197  130  215  131
000168.jpg 726   680  1004   673   910   863   686   924   977   910
000169.jpg 123   51  162   52  148   63  131   94  162   94
000170.jpg 181  123  228  121  205  152  185  171  225  171
000171.jpg 159  214  240  221  208  279  156  308  227  317
000172.jpg 584   649   842   768   592   837   449   923   686  1034
000173.jpg 146  137  200  137  172  170  150  183  200  182
000174.jpg 162  256  262  261  205  326  157  356  264  359
000175.jpg 96  234  182  244  120  305   93  316  179  331
000176.jpg 166  138  227  131  202  166  175  198  230  191
000177.jpg 740  297  795  314  779  353  726  386  762  390
000178.jpg 142  204  212  201  179  256  148  271  221  264
000179.jpg 879   914  1262   928  1002  1174   879  1298  1200  1332
000180.jpg 228  415  376  427  290  511  238  559  362  565
000181.jpg 139  154  197  149  165  192  153  212  215  209
000182.jpg 98  126  175  125  139  164   99  212  171  210
000183.jpg 222  264  317  255  255  326  230  353  335  348
000184.jpg 79  143  131  151   78  195   89  216  127  222
000185.jpg 172  223  241  201  198  244  193  300  248  282
000186.jpg 156  143  197  138  164  170  160  190  196  190
000187.jpg 105  126  160  131  116  163   98  183  158  190
000188.jpg 240  137  295  131  257  175  247  210  301  205
000189.jpg 208  223  285  167  274  246  265  270  331  216
000190.jpg 215   64  247   56  232   79  226   98  251   91
000191.jpg 155  168  204  166  177  205  157  210  209  207
000192.jpg 136   78  165   89  148   99  127  101  155  112
000193.jpg 218  127  261  128  244  148  220  177  256  178
000194.jpg 67  162  144  168   81  209   58  241  140  247
000195.jpg 189  206  281  219  245  267  173  302  261  320
000196.jpg 139  214  248  216  182  281  142  328  248  324
000197.jpg 132  201  185  201  146  237  137  259  182  259
000198.jpg 192  179  257  185  228  227  192  248  247  251
000199.jpg 133  202  194  199  165  236  143  236  184  233
000200.jpg 128  146  194  149  152  193  133  221  185  221
000201.jpg 439  328  625  392  480  454  385  528  536  571
000202.jpg 192  136  255  145  234  174  190  209  243  215
000203.jpg 195  201  274  202  239  251  196  289  265  291
000204.jpg 122  146  190  144  150  186  119  212  193  211
000205.jpg 480  513  676  490  611  624  518  727  694  709
000206.jpg 118  189  178  184  131  232  132  259  189  252
000207.jpg 228  107  277  106  254  130  234  162  269  161
000208.jpg 355  189  463  191  408  261  357  281  453  287
000209.jpg 120   95  160   87  149  122  123  137  169  128
000210.jpg 225  127  275  126  246  155  221  185  260  188
000211.jpg 310  140  360  170  317  193  284  198  328  221
000212.jpg 241  317  382  313  315  403  254  477  365  477
000213.jpg 140  153  199  154  170  193  143  215  195  217
000214.jpg 157  195  232  193  195  246  156  268  233  268
000215.jpg 105  174  178  177  147  223  106  255  171  258
000216.jpg 159  223  246  223  201  282  169  317  236  317
000217.jpg 93  153  145  144  122  184  105  208  151  203
000218.jpg 186  189  252  186  230  223  190  256  249  254
000219.jpg 329  139  374  141  346  175  337  186  374  188
000220.jpg 168  240  247  230  229  294  180  336  244  327
000221.jpg 163  253  255  252  208  320  168  365  246  368
000222.jpg 473  187  530  184  499  218  481  238  527  236
000223.jpg 185  133  220  131  203  161  183  172  222  173
000224.jpg 147  115  194  116  166  156  150  162  187  166
000225.jpg 177  137  234  143  201  181  179  184  234  188
000226.jpg 142  135  227  137  182  170  140  213  226  214
000227.jpg 145  125  184  121  190  154  153  188  184  182
000228.jpg 100  117  148  113  129  145   99  158  147  155
000229.jpg 118  184  205  180  166  229  127  280  207  273
000230.jpg 100  114  150  121  131  149   91  168  141  177
000231.jpg 235  277  355  245  295  305  279  395  371  369
000232.jpg 246  130  294  114  258  153  257  184  307  169
000233.jpg 199  131  251  141  213  164  190  191  230  203
000234.jpg 36   83   68   90   47  112   33  125   65  131
000235.jpg 97  203  157  189  129  237  114  266  165  257
000236.jpg 141  115  180  111  159  141  149  151  181  148
000237.jpg 191  157  246  152  230  189  205  223  245  218
000238.jpg 348  173  443  173  417  219  368  271  437  271
000239.jpg 1385  1726  2049  1684  1728  2120  1375  2358  2112  2317
000240.jpg 166  164  192  149  176  187  206  203  219  193
000241.jpg 190  180  240  192  218  214  176  232  226  241
000242.jpg 748  265  857  265  814  343  760  379  846  375
000243.jpg 123  182  170  178  126  207  123  253  165  250
000244.jpg 181   79  217   83  201  107  181  120  209  124
000245.jpg 60  71  77  70  59  85  62  97  80  95
000246.jpg 132   77  159   74  137  100  141  116  160  114
000247.jpg 137  178  206  172  167  221  144  242  215  236
000248.jpg 193  103  222  100  210  116  200  137  225  134
000249.jpg 236  146  292  149  262  186  233  196  292  198
000250.jpg 77  124  148  119  112  158   89  200  147  198
000251.jpg 543  137  597  176  572  197  511  210  553  237
000252.jpg 310  211  383  222  358  266  299  303  370  312
000253.jpg 228  241  322  240  300  309  241  362  306  361
000254.jpg 467  257  578  242  533  312  478  361  601  340
000255.jpg 158  228  259  220  215  286  175  331  251  330
000256.jpg 149  171  207  173  194  209  153  233  204  235
000257.jpg 171  196  252  182  203  235  196  283  258  273
000258.jpg 672  252  773  242  723  306  689  349  771  343
000259.jpg 142  131  184  120  173  156  151  179  190  170
000260.jpg 103   90  149   92  132  124  104  138  141  138
000261.jpg 642  281  758  283  736  369  644  431  746  433
000262.jpg 321   78  352   83  334  104  314  108  348  113
000263.jpg 107   87  143   93  122  111  105  125  134  128
000264.jpg 120  183  191  190  150  227  114  264  178  272
000265.jpg 156  149  203  141  192  178  166  212  207  205
000266.jpg 169  205  290  213  220  269  173  343  261  349
000267.jpg 402  592  637  560  513  744  448  855  651  827
000268.jpg 123  159  167  162  143  187  122  208  161  211
000269.jpg 188  178  248  178  210  214  192  233  248  235
000270.jpg 129  126  191  138  148  168  115  181  180  197
000271.jpg 188  231  284  231  234  295  182  337  278  335
000272.jpg 86  173  150  152  119  208  100  244  175  230
000273.jpg 155  199  256  202  194  253  159  298  256  301
000274.jpg 84  101  130  100  108  126   81  146  135  146
000275.jpg 157  115  209  107  184  142  175  168  220  158
000276.jpg 106  158  169  153  140  199  113  225  173  219
000277.jpg 132  193  201  188  165  238  133  258  207  255
000278.jpg 50   71   81   71   66   90   51  102   79  102
000279.jpg 55  118  108  114   74  157   67  177  113  170
000280.jpg 62   99  109  109   77  125   55  148   93  157
000281.jpg 406  487  622  505  442  628  415  754  583  766
000282.jpg 67   93  111   96   83  119   65  142  112  144
000283.jpg 131  101  158   97  162  118  136  142  161  142
000284.jpg 131   77  165   79  149   93  131  107  162  109
000285.jpg 164  117  233  118  203  166  169  188  227  187
000286.jpg 136  142  194  141  162  182  137  205  194  204
000287.jpg 287  132  343  136  320  171  291  195  332  197
000288.jpg 68   84  100   82   82   99   74  118   99  116
000289.jpg 252  253  356  247  296  325  264  371  356  367
000290.jpg 212  145  287  159  236  179  202  228  259  238
000291.jpg 885  1071  1366  1071  1107  1377   921  1641  1348  1623
000292.jpg 102  171  162  134  152  191  144  226  186  204
000293.jpg 358  200  395  205  366  228  368  242  396  244
000294.jpg 343  292  438  284  343  360  353  428  431  428
000295.jpg 46  109   90  101   60  131   65  155  101  150
000296.jpg 158  151  218  163  172  192  145  212  206  226
000297.jpg 126  172  188  168  164  214  136  243  186  241
000298.jpg 80  115  122  109  106  140   83  153  130  145
000299.jpg 80  120  152  116  115  163   85  188  154  187
000300.jpg 90  156  151  148  122  184   97  215  163  208
000301.jpg 153  161  227  162  190  207  148  231  230  233
000302.jpg 123  152  184  153  155  190  126  205  180  205
000303.jpg 256  152  312  149  276  180  261  211  307  213
000304.jpg 170  214  264  234  217  285  160  328  236  336
000305.jpg 163  246  238  240  200  297  171  327  244  319
000306.jpg 173  210  271  198  228  274  191  327  272  321
000307.jpg 165  200  239  192  209  245  182  274  241  268
000308.jpg 356  136  396  139  389  156  368  183  400  187
000309.jpg 225  137  262  113  245  159  252  177  284  160
000310.jpg 108  183  193  161  151  206  131  265  204  247
000311.jpg 201  198  311  204  259  259  204  316  296  321
000312.jpg 152  209  234  209  195  267  164  285  228  285
000313.jpg 70  68  95  65  85  87  71  93  97  90
000314.jpg 44   56   83   56   56   85   52  100   82  100
000315.jpg 87   87  118   89  103  105   92  122  113  122
000316.jpg 179  112  229  110  221  144  178  178  228  174
000317.jpg 140  148  189  144  159  184  151  200  209  194
000318.jpg 91  106  134   98  114  135  103  152  143  144
000319.jpg 420  162  468  165  462  204  426  238  464  236
000320.jpg 98  153  162  151  120  201  106  228  158  227
000321.jpg 176  124  222  121  191  144  185  167  227  163
000322.jpg 112  159  172  157  142  202  112  220  171  218
000323.jpg 780  313  925  323  823  376  760  464  891  473
000324.jpg 186   93  225   95  204  121  184  135  222  137
000325.jpg 115  115  164  116  140  148  112  164  164  165
000326.jpg 248  140  297  131  273  173  266  197  306  191
000327.jpg 74  63  95  65  85  80  73  84  92  85
000328.jpg 197  120  233  120  221  152  193  161  225  165
000329.jpg 69   68   96   60   78   84   76   98  101   91
000330.jpg 73  108  115   98   99  134   84  151  122  143
000331.jpg 310  132  351  131  329  157  314  178  347  178
000332.jpg 233  232  319  237  278  282  236  327  305  331
000333.jpg 80   79  121   75  101  102   83  123  123  120
000334.jpg 212  162  294  155  252  202  218  238  303  233
000335.jpg 111  196  183  196  150  248  115  293  185  292
000336.jpg 188  139  264  134  226  166  190  207  266  203
000337.jpg 220  284  314  285  269  335  226  383  300  383
000338.jpg 126   94  164   92  140  111  131  134  160  132
000339.jpg 160   67  178   66  173   79  163   90  178   90
000340.jpg 142  162  213  163  183  215  141  229  213  228
000341.jpg 156  245  249  229  184  313  179  343  281  332
000342.jpg 198  155  238  158  220  185  197  200  226  201
000343.jpg 257  232  346  228  316  292  264  334  337  332
000344.jpg 154  145  275  153  215  192  165  263  260  268
000345.jpg 352  114  405  114  380  149  359  169  398  165
000346.jpg 176  173  240  170  214  223  181  255  237  253
000347.jpg 165  130  237  125  206  178  168  205  217  202
000348.jpg 929   857  1267   888  1077  1057   913  1205  1220  1241
000349.jpg 121  127  166  129  142  154  122  173  163  174
000350.jpg 96  123  139  120  117  145  105  173  138  171
000351.jpg 214  161  285  160  234  203  215  244  273  243
000352.jpg 209  286  329  297  268  360  197  403  324  418
000353.jpg 179  115  239  124  203  159  170  166  230  176
000354.jpg 188  146  254  147  215  179  186  206  258  205
000355.jpg 394  236  531  240  459  314  402  386  508  390
000356.jpg 443  167  521  172  483  220  445  251  506  256
000357.jpg 233  318  353  310  297  404  237  434  369  425
000358.jpg 252   73  293   81  267  106  241  112  284  120
000359.jpg 139  190  223  186  183  244  138  268  230  263
000360.jpg 145  202  205  201  178  246  156  270  196  270
000361.jpg 306  116  366  108  343  147  324  186  369  179
000362.jpg 156  189  245  191  200  237  163  279  234  280
000363.jpg 83  160  157  156   97  189   83  237  145  235
000364.jpg 150  154  213  158  176  187  144  211  208  217
000365.jpg 134  258  237  248  178  313  145  365  240  360
000366.jpg 270  102  315   97  283  121  268  150  316  140
000367.jpg 67  126  109  132   83  153   67  179  103  183
000368.jpg 150   97  186   98  169  119  149  134  186  134
000369.jpg 80  106  120  106  106  125   83  146  119  148
000370.jpg 174  100  212  100  202  126  181  149  209  149
000371.jpg 310  297  406  285  326  363  326  420  400  422
000372.jpg 117  120  164  115  127  155  125  173  173  171
000373.jpg 505  151  572  157  545  184  499  218  548  224
000374.jpg 124  142  202  106  174  147  169  220  225  191
000375.jpg 228  373  345  363  254  435  263  506  373  506
000376.jpg 274   96  327  115  281  120  253  154  302  169
000377.jpg 147  146  209  147  175  188  152  214  203  216
000378.jpg 226  142  255  149  241  174  208  179  238  191
000379.jpg 280  137  319  161  302  177  263  188  293  203
000380.jpg 153  198  216  199  194  247  150  278  211  277
000381.jpg 503  392  642  396  535  487  499  524  642  535
000382.jpg 118  122  176  122  148  156  117  177  183  175
000383.jpg 114  224  223  220  165  297  124  337  219  341
000384.jpg 256  128  309  123  279  153  264  175  314  173
000385.jpg 302   92  349   93  349  119  303  151  358  151
000386.jpg 190  112  241  111  215  140  194  169  236  167
000387.jpg 164  149  210  144  191  172  171  188  216  182
000388.jpg 184  167  256  155  230  195  200  237  267  223
000389.jpg 96  122  141  126  120  164   93  174  137  174
000390.jpg 141   70  185   70  163   81  142  113  185  115
000391.jpg 273   91  318   91  289  115  274  130  319  132
000392.jpg 164  311  283  305  233  389  170  441  277  443
000393.jpg 212  126  261  127  228  163  215  169  265  169
000394.jpg 194  143  248  139  228  178  190  196  254  192
000395.jpg 582  399  735  380  726  413  658  550  793  526
000396.jpg 131  138  186  139  154  173  128  194  189  194
000397.jpg 198  180  267  182  237  230  198  250  256  253
000398.jpg 129  194  216  191  164  245  137  287  203  289
000399.jpg 124  233  234  237  175  301  131  350  217  352
000400.jpg 67  61  96  61  84  78  72  93  94  93
000401.jpg 148  190  234  201  181  250  144  289  215  301
000402.jpg 127   98  174   96  151  135  131  154  175  150
000403.jpg 107  112  159  110  131  145  111  173  159  169
000404.jpg 149  115  186  116  164  144  153  153  189  152
000405.jpg 682  619  888  631  742  764  699  871  849  880
000406.jpg 243  267  349  282  305  336  236  364  339  380
000407.jpg 131   73  161   63  138   91  141  110  173  101
000408.jpg 185  338  289  305  269  401  225  448  311  422
000409.jpg 132  142  184  141  142  176  136  210  179  210
000410.jpg 62   99   87   90   71  112   73  124   99  116
000411.jpg 128  142  177  131  155  169  134  196  198  182
000412.jpg 177  180  262  190  199  244  168  271  245  281
000413.jpg 210  284  304  265  291  343  202  388  326  357
000414.jpg 138  140  210  140  176  186  146  219  207  221
000415.jpg 362  416  503  462  395  533  329  569  436  605
000416.jpg 150   54  185   53  170   73  156   89  185   87
000417.jpg 175  114  188  114  195  142  164  165  175  165
000418.jpg 57  105  103   99   69  124   60  149   99  149
000419.jpg 140  121  195  119  168  147  142  178  193  178
000420.jpg 191  148  254  152  222  176  189  204  249  206
000421.jpg 242  117  293  107  286  144  260  174  301  165
000422.jpg 154  129  222  168  168  184  121  195  184  230
000423.jpg 127  158  195  156  163  198  143  230  185  229
000424.jpg 131  155  187  142  169  186  140  215  197  207
000425.jpg 208  161  288  151  258  205  218  246  300  237
000426.jpg 129  120  181  118  147  158  136  176  182  173
000427.jpg 65   73   94   71   79   91   70  110   91  109
000428.jpg 93  120  134  118  117  146   97  161  135  157
000429.jpg 224  196  259  197  233  219  221  237  256  238
000430.jpg 434  241  517  250  468  310  431  330  505  336
000431.jpg 229  367  384  380  289  479  229  520  369  533
000432.jpg 392  480  536  444  478  529  442  629  561  593
000433.jpg 200  124  249  117  222  154  210  170  256  159
000434.jpg 378  372  519  397  441  477  363  521  480  538
000435.jpg 122  163  191  156  157  201  120  226  197  222
000436.jpg 149  162  218  164  186  208  150  227  213  228
000437.jpg 84  138  136  128  109  167  103  204  158  194
000438.jpg 51   92   79   86   64  108   60  122   83  116
000439.jpg 92  108  150  117  110  141   87  169  135  179
000440.jpg 35  52  60  55  46  70  32  76  57  79
000441.jpg 143  177  193  179  173  200  147  228  189  229
000442.jpg 708  376  929  392  827  520  728  597  907  597
000443.jpg 265  184  340  179  317  233  277  277  341  273
000444.jpg 289  324  425  337  358  429  276  460  400  473
000445.jpg 472  241  560  224  509  278  500  344  571  329
000446.jpg 121  243  219  238  161  302  122  330  227  329
000447.jpg 225  233  272  231  257  261  234  291  275  288
000448.jpg 151  189  258  184  201  229  160  287  254  293
000449.jpg 123  170  194  165  165  219  130  239  187  236
000450.jpg 191  154  262  158  234  195  191  238  260  241
000451.jpg 201  200  277  172  249  216  238  273  295  250
000452.jpg 130  158  194  165  162  196  124  210  188  214
000453.jpg 173  220  200  185  200  236  226  252  246  229
000454.jpg 189  139  222  132  231  164  183  186  219  184
000455.jpg 138  170  207  172  175  209  137  227  203  231
000456.jpg 199  142  266  140  239  180  205  210  272  205
000457.jpg 148  174  219  162  186  210  163  245  228  240
000458.jpg 119  233  178  228  153  268  117  291  183  286
000459.jpg 478  573  684  544  640  693  530  812  687  791
000460.jpg 241  198  311  190  254  226  245  292  294  288
000461.jpg 151  140  221  141  187  187  153  210  211  212
000462.jpg 135  176  197  180  163  218  129  239  196  243
000463.jpg 210   79  246   82  219  100  210  118  239  119
000464.jpg 185   85  224   81  210  104  195  127  224  124
000465.jpg 277  108  322  114  296  145  273  152  317  160
000466.jpg 144  206  208  204  175  247  151  272  202  272
000467.jpg 130  124  178  126  153  162  127  170  177  172
000468.jpg 581  642  670  607  635  695  639  730  700  703
000469.jpg 136  180  208  182  168  228  147  262  200  264
000470.jpg 133   68  170   68  153   84  138  105  166  106
000471.jpg 125  191  196  184  147  241  134  261  208  252
000472.jpg 156  114  203  118  175  141  154  156  197  160
000473.jpg 147  150  208  156  178  188  150  224  195  228
000474.jpg 125   68  150   66  141   80  129   98  152   99
000475.jpg 247   98  321  112  281  139  229  169  303  185
000476.jpg 184  140  242  141  214  177  187  197  241  195
000477.jpg 46   79   80   73   63   99   54  116   84  112
000478.jpg 272  139  340  136  306  183  280  203  331  200
000479.jpg 201  111  243  115  214  144  195  162  232  168
000480.jpg 156  141  219  142  184  181  163  212  207  214
000481.jpg 340  534  575  570  430  744  329  783  525  822
000482.jpg 418  147  480  144  444  183  426  221  474  219
000483.jpg 125  107  152   92  138  119  141  130  169  118
000484.jpg 202  171  258  171  231  209  202  231  260  231
000485.jpg 243  144  301  159  277  199  221  206  279  221
000486.jpg 134  153  185  140  152  181  148  206  197  196
000487.jpg 126  185  217  179  179  232  132  274  233  267
000488.jpg 161  177  231  183  197  222  169  247  215  250
000489.jpg 186  229  290  235  231  294  184  319  286  323
000490.jpg 263  285  324  282  314  330  265  364  319  359
000491.jpg 276  196  338  205  331  237  285  276  328  280
000492.jpg 173  231  267  233  210  296  175  317  262  320
000493.jpg 101  134  171  139  131  169  100  197  165  202
000494.jpg 283  235  384  242  334  302  279  345  371  352
000495.jpg 152  244  238  243  198  308  151  325  239  328
000496.jpg 147  123  187  122  167  149  148  160  190  159
000497.jpg 269  199  375  213  317  258  256  300  360  315
000498.jpg 112  157  178  167  141  211  106  224  166  230
000499.jpg 186  111  227  110  204  136  190  164  224  162
000500.jpg 119  192  188  176  150  230  140  266  197  255
000501.jpg 206  156  283  153  250  190  205  229  287  227
000502.jpg 350  168  429  168  387  214  354  248  415  252
000503.jpg 342  276  474  270  412  357  365  414  461  412
000504.jpg 151  182  233  187  190  235  142  254  233  259
000505.jpg 121  156  209  167  167  205  118  237  193  244
000506.jpg 146  171  221  162  182  214  158  238  234  230
000507.jpg 164  171  241  167  216  217  181  258  243  257
000508.jpg 263  187  362  181  321  248  265  272  371  266
000509.jpg 35   83   60   75   47  102   42  107   71  100
000510.jpg 173  216  238  212  215  255  182  284  236  279
000511.jpg 79   74  105   73   92   93   81  104  103  103
000512.jpg 106  202  193  202  118  257  103  318  181  317
000513.jpg 126  147  198  142  162  182  137  211  198  208
000514.jpg 1164   719  1405   688  1282   878  1195   934  1446   903
000515.jpg 113  209  200  195  166  255  135  298  206  286
000516.jpg 171  192  249  184  214  230  185  268  247  267
000517.jpg 99   92  135   83  124  112   99  128  143  118
000518.jpg 185  181  266  188  238  248  175  262  257  269
000519.jpg 617   837   944   842   734  1057   627  1134   965  1144
000520.jpg 197   80  240   74  220  106  213  127  243  124
000521.jpg 113  222  211  210  138  278  130  336  221  325
000522.jpg 183  194  257  187  236  232  179  267  262  259
000523.jpg 73  143  115  144   91  172   71  182  114  183
000524.jpg 198  271  296  277  226  343  202  369  302  373
000525.jpg 42  72  64  69  54  81  47  96  66  92
000526.jpg 202  180  265  190  240  236  186  268  245  280
000527.jpg 198  182  263  184  231  221  201  254  256  254
000528.jpg 110  167  177  150  147  201  128  234  193  216
000529.jpg 468  144  507  148  509  183  467  215  502  211
000530.jpg 227   78  270   61  242   82  242  120  274  108
000531.jpg 162  101  199  107  183  131  155  138  187  144
000532.jpg 208  120  245  120  228  145  212  162  245  160
000533.jpg 118   86  165   92  151  111  119  139  159  146
000534.jpg 713  276  812  274  758  357  723  382  810  379
000535.jpg 67  199  128  175   79  220   82  263  142  242
000536.jpg 894   402  1067   418   997   521   905   596  1045   607
000537.jpg 135  118  189  113  164  144  139  178  189  175
000538.jpg 275  141  322  157  309  182  260  196  305  207
000539.jpg 147  137  206  137  183  177  151  201  198  199
000540.jpg 125  187  213  178  167  224  135  267  224  262
000541.jpg 152  172  222  150  205  197  179  243  238  224
000542.jpg 278  206  353  218  327  263  274  296  334  304
000543.jpg 164  166  231  165  219  204  172  244  228  244
000544.jpg 530  248  638  220  589  304  565  360  666  335
000545.jpg 984  1271  1646  1325  1288  1737   930  1932  1521  2017
000546.jpg 169  121  199  100  184  129  188  157  217  143
000547.jpg 200  110  247  119  246  133  208  171  244  175
000548.jpg 300  134  350  141  322  172  297  189  341  194
000549.jpg 147  257  260  247  204  334  176  382  264  378
000550.jpg 157  221  307  227  227  325  175  381  283  379
000551.jpg 114  130  169  129  141  170  115  178  173  179
000552.jpg 137  152  201  160  165  197  135  218  188  224
000553.jpg 194  215  285  211  245  269  198  295  276  294
000554.jpg 60  140  138  136  100  193   67  218  142  215
000555.jpg 110   81  159   77  136  102  113  128  164  124
000556.jpg 137  169  223  166  177  220  138  246  229  244
000557.jpg 620  437  730  437  697  523  613  554  702  554
000558.jpg 54   77   91   78   76  103   52  116   88  120
000559.jpg 118  116  155  114  145  134  124  151  153  151
000560.jpg 58   90  104   85   84  117   66  139  104  137
000561.jpg 147  187  220  190  187  231  137  258  222  265
000562.jpg 261   89  295   92  286  106  268  127  295  127
000563.jpg 122  108  182  107  164  140  125  166  179  169
000564.jpg 148  140  206  145  168  181  144  206  188  212
000565.jpg 782  312  907  318  849  401  779  433  907  433
000566.jpg 170  165  229  167  197  199  172  223  225  225
000567.jpg 433  198  515  195  469  250  440  277  515  277
000568.jpg 89  146  161  144  118  182   86  206  165  206
000569.jpg 149  109  187  111  163  134  149  153  185  153
000570.jpg 122  157  201  153  160  206  135  244  193  242
000571.jpg 222  102  259  101  246  123  229  147  254  146
000572.jpg 321  103  354  113  335  130  310  138  343  147
000573.jpg 169  122  192  113  193  145  156  165  175  160
000574.jpg 194   93  231  101  214  122  190  129  228  136
000575.jpg 159  130  216  130  189  161  158  190  211  194
000576.jpg 129  102  174  101  165  129  134  155  172  155
000577.jpg 166  102  228  113  208  144  165  176  213  178
000578.jpg 112  162  190  144  151  202  134  240  198  227
000579.jpg 39  111   87  107   59  135   45  155   86  154
000580.jpg 605  254  695  254  660  321  605  353  673  356
000581.jpg 225  102  261  104  246  119  227  143  261  143
000582.jpg 177  147  229  140  217  174  180  203  235  197
000583.jpg 163  139  242  136  207  192  165  207  245  204
000584.jpg 151   99  201   95  197  115  171  159  207  157
000585.jpg 138  235  247  226  203  307  149  343  245  339
000586.jpg 196  218  276  201  246  259  207  293  289  275
000587.jpg 123  209  180  196  155  244  138  269  186  260
000588.jpg 197  114  248  114  220  146  195  162  250  160
000589.jpg 150  182  224  169  196  220  158  244  232  234
000590.jpg 322  195  373  191  342  226  330  246  375  242
000591.jpg 113  176  193  169  159  227  128  268  189  265
000592.jpg 146  184  227  189  205  231  147  271  228  270
000593.jpg 217  105  273  117  223  140  206  168  263  176
000594.jpg 207  198  276  195  245  239  215  273  269  272
000595.jpg 292  158  361  160  327  195  287  229  359  232
000596.jpg 75   78  110   78   92  102   77  118  105  120
000597.jpg 145  116  184  101  164  140  168  156  199  150
000598.jpg 202  116  231   97  214  130  228  154  248  143
000599.jpg 345  263  461  273  418  338  328  386  453  390
000600.jpg 368  571  565  553  483  702  399  776  557  762
000601.jpg 137   84  174   85  160  108  140  122  168  124
000602.jpg 187  155  217  145  206  159  197  185  228  176
000603.jpg 270  238  319  241  303  252  275  292  321  294
000604.jpg 101  157  169  151  130  193  108  231  175  220
000605.jpg 118  225  212  220  161  284  121  317  219  311
000606.jpg 158  113  191  150  171  157  123  160  152  186
000607.jpg 1989   507  2247   537  2133   687  1977   801  2199   825
000608.jpg 108  160  175  151  135  204  129  228  191  224
000609.jpg 535  175  618  172  581  210  545  266  613  266
000610.jpg 229  207  279  205  248  240  232  260  282  255
000611.jpg 283  145  337  147  301  185  290  205  330  209
000612.jpg 275  102  316  112  305  135  272  156  300  160
000613.jpg 58   70   90   69   73   86   62  101   90   99
000614.jpg 1295   257  1376   259  1356   320  1295   370  1353   370
000615.jpg 1076  1180  1525  1194  1336  1475  1146  1636  1434  1636
000616.jpg 165  178  239  187  198  237  152  246  242  256
000617.jpg 127  176  186  184  153  229  117  236  170  249
000618.jpg 449  218  557  214  508  278  455  322  560  325
000619.jpg 140  115  181  113  162  138  145  159  178  157
000620.jpg 41   75   79   81   54   97   41  108   77  111
000621.jpg 83   75  109   77   92   93   80  103  103  106
000622.jpg 127  258  230  252  176  311  138  365  233  360
000623.jpg 210  161  276  151  264  188  217  227  283  217
000624.jpg 161  176  246  167  218  219  175  266  246  261
000625.jpg 83   52  109   51   94   68   84   77  110   77
000626.jpg 255   95  287   96  260  122  263  137  284  137
000627.jpg 215  121  263  123  237  148  230  163  261  164
000628.jpg 300  184  356  191  325  212  288  231  354  237
000629.jpg 207  236  302  236  273  304  208  342  298  343
000630.jpg 71   89  100   90   79  109   71  120   96  122
000631.jpg 146   99  192   98  165  126  145  141  193  139
000632.jpg 500  478  631  459  583  545  529  600  640  580
000633.jpg 139  161  209  152  181  193  144  230  221  218
000634.jpg 488  152  551  160  523  199  476  209  547  218
000635.jpg 67   76   87   79   67   93   65  101   82  106
000636.jpg 97  110  150  108  130  141   98  160  154  159
000637.jpg 182  194  279  190  228  245  191  291  278  284
000638.jpg 130  120  178  107  156  141  142  172  187  158
000639.jpg 204  198  283  214  252  261  195  294  258  302
000640.jpg 164  182  222  172  190  219  178  245  227  238
000641.jpg 114  140  178  137  139  178  118  198  183  198
000642.jpg 89  125  131  124  111  152   92  162  130  162
000643.jpg 219  166  286  176  246  214  204  221  279  233
000644.jpg 190  201  231  211  214  236  185  252  211  256
000645.jpg 185  138  246  141  205  171  187  195  246  197
000646.jpg 562  399  725  407  665  528  513  576  685  579
000647.jpg 162  194  230  203  191  245  158  267  214  273
000648.jpg 446  508  492  500  484  535  452  554  489  545
000649.jpg 227  134  277  128  252  165  251  192  277  192
000650.jpg 108  173  171  170  136  213  111  231  176  227
000651.jpg 272  292  387  280  349  364  286  428  371  423
000652.jpg 129  190  220  201  162  253  135  291  205  298
000653.jpg 136  117  173  115  158  136  143  155  172  153
000654.jpg 200  163  282  160  228  214  209  250  288  253
000655.jpg 107  186  173  191  113  237   99  266  165  270
000656.jpg 226  224  329  220  279  275  241  324  324  320
000657.jpg 64  49  78  50  67  59  64  65  78  65
000658.jpg 146  105  207   93  192  120  172  162  210  153
000659.jpg 148  195  233  190  195  244  156  272  233  271
000660.jpg 75   79  109   78   92   96   74  109  110  109
000661.jpg 170  166  228  165  198  202  170  232  234  227
000662.jpg 210  155  264  162  235  195  210  218  256  223
000663.jpg 199  103  245  105  237  139  197  155  239  153
000664.jpg 258  104  303  113  280  135  251  162  291  167
000665.jpg 363  356  500  366  429  457  363  491  477  497
000666.jpg 152  132  204  138  181  177  146  183  192  188
000667.jpg 180  195  248  198  217  242  182  265  243  266
000668.jpg 175  182  237  178  207  222  180  240  235  238
000669.jpg 894  326  990  331  961  395  891  430  970  436
000670.jpg 73  198  115  200   83  224   71  238  118  240
000671.jpg 98  114  140  116  121  138  101  160  136  160
000672.jpg 158  143  228  153  195  184  155  208  214  219
000673.jpg 401  222  524  235  461  295  399  344  502  353
000674.jpg 683  478  960  496  818  696  692  761  923  779
000675.jpg 482  197  642  226  588  269  490  363  592  384
000676.jpg 187  170  250  185  207  215  175  237  238  247
000677.jpg 124   95  171   94  157  126  130  142  173  141
000678.jpg 121  133  163  124  136  157  132  172  172  165
000679.jpg 113  125  221  159  158  164   95  228  177  253
000680.jpg 130  132  173  138  152  163  131  181  159  184
000681.jpg 66  128  116  119  103  161   70  175  123  166
000682.jpg 124   66  150   64  140   82  133   93  152   93
000683.jpg 156  136  230  123  190  172  176  216  231  210
000684.jpg 42   82   72   81   44   99   40  123   63  124
000685.jpg 252   88  287   99  256  119  243  128  276  137
000686.jpg 236  129  292  131  261  161  230  189  292  193
000687.jpg 192  158  289  148  252  196  217  254  292  247
000688.jpg 159  129  219  128  183  170  160  201  218  202
000689.jpg 174  205  267  209  237  250  165  298  259  310
000690.jpg 65  124  125  112   96  154   77  178  140  166
000691.jpg 535  220  622  214  592  265  547  310  616  307
000692.jpg 660  283  787  287  721  373  662  420  760  429
000693.jpg 155  163  212  156  179  204  165  230  217  225
000694.jpg 189  246  297  241  272  338  171  362  282  362
000695.jpg 93  132  147  151  111  176   77  203  120  216
000696.jpg 210  117  247  119  228  139  207  153  244  155
000697.jpg 219   93  265   98  225  128  212  144  267  152
000698.jpg 227   73  263   69  246   89  231  107  269  103
000699.jpg 188  227  299  239  252  295  186  338  275  347
000700.jpg 268  123  303  121  297  150  270  169  298  167
000701.jpg 156  191  214  192  182  223  156  250  210  252
000702.jpg 225  330  339  344  265  413  220  440  321  449
000703.jpg 160  173  222  165  195  207  169  231  227  222
000704.jpg 108   80  141   82  126   99  107  109  139  109
000705.jpg 58  70  76  72  66  81  57  89  71  92
000706.jpg 71   88   99   71   89  102   94  119  116  107
000707.jpg 104   98  154   99  115  132  104  144  160  146
000708.jpg 188  113  227  121  198  145  188  168  211  178
000709.jpg 141  193  216  183  164  234  154  272  232  262
000710.jpg 157  181  235  160  197  218  186  259  252  239
000711.jpg 133   78  160   72  155   95  139  105  161  101
000712.jpg 121  150  185  153  145  186  118  215  182  213
000713.jpg 86  139  145  132  111  182   88  201  156  198
000714.jpg 237  208  320  219  295  286  232  313  300  320
000715.jpg 1076  1082  1497  1131  1273  1349  1104  1524  1392  1545
000716.jpg 160  146  196  159  173  174  152  178  180  188
000717.jpg 389  559  734  587  546  814  389  954  649  975
000718.jpg 542  662  766  610  678  810  590  878  830  830
000719.jpg 198  152  253  150  225  188  200  202  255  198
000720.jpg 150  189  221  189  184  225  151  261  214  264
000721.jpg 1070   444  1234   457  1137   575  1070   592  1224   605
000722.jpg 121  209  214  210  152  251  119  299  214  304
000723.jpg 467  336  605  338  547  437  476  488  601  480
000724.jpg 119  111  156  105  139  132  132  153  162  149
000725.jpg 59  103  100  106   55  134   58  157   99  160
000726.jpg 262  176  331  173  309  218  250  244  310  244
000727.jpg 504  203  590  201  539  259  510  283  605  277
000728.jpg 335  362  471  372  444  450  330  533  448  543
000729.jpg 134  171  211  163  189  208  152  259  220  254
000730.jpg 81   91  117   96   99  119   79  134  109  137
000731.jpg 143   47  165   49  156   59  145   72  161   72
000732.jpg 115  199  189  190  146  239  131  275  190  271
000733.jpg 153  264  252  269  194  349  154  366  227  371
000734.jpg 451  152  513  138  476  191  467  224  523  218
000735.jpg 108  149  196  149  155  183  106  231  192  236
000736.jpg 118  118  167  114  142  152  124  163  168  160
000737.jpg 1108   321  1256   344  1172   417  1099   462  1236   481
000738.jpg 198  210  278  223  233  272  195  294  266  302
000739.jpg 105   82  122   83  113   93  103   99  120  100
000740.jpg 302   97  336   97  319  118  300  129  336  129
000741.jpg 169   99  206   94  191  119  179  137  207  133
000742.jpg 159  145  229  144  194  186  168  224  223  222
000743.jpg 170  129  219  132  198  159  168  179  215  182
000744.jpg 60   75   96   72   76  101   61  110   99  107
000745.jpg 136  149  202  160  161  203  128  221  187  230
000746.jpg 746  138  783  138  756  164  746  183  781  183
000747.jpg 144  106  177  103  155  130  150  151  175  150
000748.jpg 311  137  401  150  339  193  304  237  370  245
000749.jpg 307   91  333   70  330  102  330  121  354  104
000750.jpg 32  44  49  49  31  55  29  62  41  65
000751.jpg 330  179  379  175  345  207  340  238  379  234
000752.jpg 129  162  174  185  109  204  107  219  160  246
000753.jpg 223  134  292  142  226  163  204  206  265  211
000754.jpg 197  142  238  132  220  170  211  180  249  170
000755.jpg 279  179  352  159  328  219  302  271  369  251
000756.jpg 331  123  352  120  340  133  334  144  355  142
000757.jpg 245  140  289  138  289  164  253  209  292  203
000758.jpg 152  140  205  129  175  163  167  197  202  188
000759.jpg 201  129  262  138  228  171  187  187  255  197
000760.jpg 94   95  131  103  100  126   88  140  124  148
000761.jpg 169  192  254  190  208  235  175  268  252  269
000762.jpg 162  212  246  221  197  275  161  301  233  307
000763.jpg 145  183  223  163  197  232  160  252  243  230
000764.jpg 234  147  315  139  275  202  249  225  326  215
000765.jpg 326  153  382  145  358  185  336  205  376  199
000766.jpg 109   82  140   84  135  102  115  119  138  120
000767.jpg 166  184  246  178  219  227  175  261  247  255
000768.jpg 99   84  129   84  112  108  102  115  129  117
000769.jpg 237  237  304  248  248  265  220  310  276  318
000770.jpg 162   73  200   65  190   82  178  111  202  110
000771.jpg 806   469   977   455   842   594   839   700  1010   681
000772.jpg 107  195  182  180  142  233  136  276  194  267
000773.jpg 421  341  574  326  500  441  459  503  590  487
000774.jpg 296  182  367  180  335  216  305  256  364  252
000775.jpg 139  214  222  210  174  268  143  296  230  289
000776.jpg 422  310  590  298  500  382  443  476  594  472
000777.jpg 87  138  124  135   96  169   96  185  130  182
000778.jpg 239  137  266  137  251  156  238  168  260  170
000779.jpg 190  161  252  156  236  200  189  224  249  217
000780.jpg 193  293  299  288  247  370  208  402  302  397
000781.jpg 336  195  420  193  380  237  338  271  412  271
000782.jpg 196  109  250  128  238  143  196  186  232  198
000783.jpg 161  121  203  117  185  147  168  168  205  165
000784.jpg 188   95  224   94  210  119  190  136  224  131
000785.jpg 154  131  202  122  162  156  162  188  211  178
000786.jpg 134   86  172   89  154  109  134  124  163  127
000787.jpg 96  171  170  164  134  223  104  246  182  237
000788.jpg 78  139  127  103  125  155   95  181  146  149
000789.jpg 85   81  123   82  106   98   90  123  124  121
000790.jpg 115  220  204  198  155  270  133  310  231  282
000791.jpg 316  315  435  313  344  392  318  457  453  453
000792.jpg 101   72  134   54  138   78  126  108  154   91
000793.jpg 159  112  191  102  174  127  171  149  196  144
000794.jpg 453  367  536  357  493  407  468  443  551  437
000795.jpg 255  177  340  180  288  232  260  259  332  259
000796.jpg 200  190  281  189  238  246  205  271  283  271
000797.jpg 228  115  285  108  259  146  237  172  288  167
000798.jpg 165  227  243  222  208  279  175  304  244  301
000799.jpg 337  210  392  212  349  243  339  270  390  274
000800.jpg 159  195  233  186  201  244  169  268  238  262
000801.jpg 156  199  251  208  204  254  155  303  242  308
000802.jpg 645  241  714  226  699  277  642  316  711  301
000803.jpg 126  149  185  151  160  192  130  213  177  215
000804.jpg 92   86  129   92  103  114   86  118  125  126
000805.jpg 407  121  428  134  402  138  395  150  407  161
000806.jpg 69   70  107   73   87   95   70  113  101  113
000807.jpg 266   98  291   98  278  112  269  127  287  127
000808.jpg 175  156  237  149  209  192  185  236  242  231
000809.jpg 334  445  532  445  431  562  350  666  520  671
000810.jpg 152  126  183  117  182  136  160  164  192  153
000811.jpg 104  163  167  152  126  194  118  231  169  226
000812.jpg 110   90  213   96  155  166  122  197  201  202
000813.jpg 154  190  247  192  207  248  167  292  239  291
000814.jpg 859  1782  1377  1699  1152  2127   964  2239  1475  2134
000815.jpg 116  119  144  116  113  142  115  166  143  171
000816.jpg 121   69  150   63  139   85  125  101  160   92
000817.jpg 117  122  174  120  162  151  121  183  175  177
000818.jpg 64  117  106  111   71  155   79  169  128  161
000819.jpg 158  133  201  136  169  165  158  178  200  183
000820.jpg 83  204  161  226   84  252   78  313  149  317
000821.jpg 274  191  342  182  310  218  287  262  347  253
000822.jpg 661  131  713  131  673  165  661  187  715  187
000823.jpg 162  129  224  130  205  155  162  189  228  191
000824.jpg 186   84  219   96  185  114  184  121  213  130
000825.jpg 219  270  322  265  279  323  228  372  333  360
000826.jpg 128  164  192  153  159  209  140  228  197  222
000827.jpg 45  35  61  35  54  45  46  55  60  55
000828.jpg 239  154  312  157  293  200  239  238  304  241
000829.jpg 380  268  471  271  398  330  388  357  462  366
000830.jpg 220  160  263  157  243  186  228  206  263  205
000831.jpg 206  198  280  227  233  259  172  257  259  291
000832.jpg 74  228  164  223  113  278   93  318  155  317
000833.jpg 97  172  132  162   91  196  103  237  135  231
000834.jpg 215  345  334  322  268  420  261  475  366  454
000835.jpg 155  240  252  231  194  296  167  338  250  336
000836.jpg 232  302  373  297  294  371  236  437  377  435
000837.jpg 104  102  138  101  117  125  111  135  142  134
000838.jpg 161  129  199  120  181  156  168  161  210  159
000839.jpg 298  117  345  115  324  140  300  168  345  165
000840.jpg 175  102  206  103  200  125  179  141  205  138
000841.jpg 290  190  356  194  322  243  292  256  349  260
000842.jpg 182  199  264  204  239  253  185  287  249  288
000843.jpg 213   55  237   54  215   66  211   85  230   84
000844.jpg 177  228  272  224  221  284  178  332  263  340
000845.jpg 102  108  150  113  126  135  102  164  139  167
000846.jpg 152  125  208  119  175  161  159  192  216  183
000847.jpg 177  172  259  171  231  219  191  267  255  265
000848.jpg 255  155  328  157  283  211  258  264  311  267
000849.jpg 506  645  738  622  645  780  522  857  761  838
000850.jpg 178  101  218   97  203  119  182  140  217  136
000851.jpg 120  210  214  212  167  265  118  305  210  310
000852.jpg 58  205  102  196   65  238   69  268  119  262
000853.jpg 260  173  362  179  301  253  260  300  342  305
000854.jpg 96  133  139  136  111  165  101  175  136  180
000855.jpg 177  131  245  127  210  175  186  206  239  203
000856.jpg 177  194  246  197  212  231  183  261  240  263
000857.jpg 159  215  250  206  214  258  165  308  260  304
000858.jpg 131  157  178  153  157  181  141  206  178  203
000859.jpg 182   99  235   95  216  125  192  158  240  150
000860.jpg 880   965  1229   977  1067  1188   910  1350  1163  1362
000861.jpg 98  139  154  131  139  177  107  205  156  196
000862.jpg 388  121  430  118  402  146  394  169  427  167
000863.jpg 118   71  139   71  131   86  119   92  138   93
000864.jpg 147   78  181   65  174   93  155  108  190   94
000865.jpg 753   663  1113   669   927   861   741   993  1113   993
000866.jpg 171  127  210  125  193  144  178  167  208  166
000867.jpg 167  119  216  125  189  149  167  174  209  175
000868.jpg 266  254  346  242  296  304  285  350  346  340
000869.jpg 248  186  301  192  263  196  240  236  291  240
000870.jpg 222  116  279  120  266  136  235  171  278  175
000871.jpg 321  122  385  118  352  151  333  191  379  189
000872.jpg 160  218  265  218  215  274  161  311  267  313
000873.jpg 100  103  164  120  115  129   76  174  133  189
000874.jpg 202  169  250  168  228  199  205  210  251  207
000875.jpg 121  189  185  177  157  235  127  255  196  246
000876.jpg 190  191  260  191  229  238  192  259  259  259
000877.jpg 409  359  538  357  493  443  420  481  533  475
000878.jpg 137   68  159   73  152   89  131   95  152   98
000879.jpg 179  138  245  144  207  183  177  206  238  212
000880.jpg 142  130  190  121  176  161  152  180  194  169
000881.jpg 321  191  403  170  333  188  322  246  382  237
000882.jpg 245  103  286  103  265  126  250  144  280  145
000883.jpg 177  194  233  176  221  221  190  246  251  227
000884.jpg 132  165  205  164  170  205  140  238  204  230
000885.jpg 967   482  1231   523  1073   664   932   816  1160   857
000886.jpg 127  157  217  156  158  207  133  240  217  242
000887.jpg 51  36  73  38  55  46  47  57  65  59
000888.jpg 79   57  127   66  105   61   81   91  121  100
000889.jpg 87  107  120  103   96  128   94  146  120  143
000890.jpg 468  269  572  279  537  343  466  383  554  390
000891.jpg 84  124  140  129  114  163   85  183  126  187
000892.jpg 100  231  194  216  148  286  121  330  211  314
000893.jpg 206  208  280  204  246  246  211  272  287  266
000894.jpg 143  177  211  178  178  229  143  246  208  249
000895.jpg 136  241  203  224  175  276  152  296  219  281
000896.jpg 457  496  657  482  550  625  485  693  668  675
000897.jpg 97  186  181  196  137  240   94  274  161  284
000898.jpg 145  231  231  218  190  281  162  300  234  292
000899.jpg 197  202  287  195  250  241  205  286  290  286
000900.jpg 613  292  725  312  658  379  600  398  716  417
000901.jpg 217  290  335  286  254  361  239  406  320  414
000902.jpg 125  174  216  176  167  228  128  266  209  267
000903.jpg 209  261  310  254  244  326  224  381  314  373
000904.jpg 536  121  669  139  572  175  513  275  625  285
000905.jpg 220  155  305  177  253  215  190  260  267  288
000906.jpg 166   81  187   75  165  101  172  127  189  122
000907.jpg 157  215  260  220  209  277  159  326  254  330
000908.jpg 361  136  419  134  390  172  368  195  416  194
000909.jpg 178  262  251  232  225  296  224  331  271  311
000910.jpg 220   85  261   85  241  114  221  122  261  122
000911.jpg 147  168  210  161  200  206  152  233  214  229
000912.jpg 72  128  117  132   75  169   73  185  118  188
000913.jpg 476  193  556  193  517  240  480  279  556  277
000914.jpg 201  122  261  110  241  149  216  182  269  173
000915.jpg 96   74  125   74  110   95   99  107  124  108
000916.jpg 170  112  217  108  176  135  169  164  214  164
000917.jpg 358  145  419  143  415  182  374  225  420  214
000918.jpg 158  135  202  137  183  164  162  182  196  182
000919.jpg 163  193  245  179  215  237  170  258  256  242
000920.jpg 98  110  147  103  116  137  113  158  147  155
000921.jpg 143  121  189  117  165  145  153  165  188  163
000922.jpg 522  260  634  270  542  347  522  382  618  395
000923.jpg 173  138  217  136  200  161  181  188  220  187
000924.jpg 189  181  264  182  229  231  187  255  261  255
000925.jpg 108   86  144   92  121  112  106  121  133  127
000926.jpg 162  119  226  129  181  182  167  201  219  209
000927.jpg 216  170  288  172  245  218  210  238  289  242
000928.jpg 84  100  117   98  101  120   88  139  116  138
000929.jpg 179  193  251  201  210  241  178  265  237  270
000930.jpg 205  245  311  237  267  309  221  347  300  345
000931.jpg 57  128  111  123   70  155   64  193  114  193
000932.jpg 235   69  267   69  251   86  237  104  265  105
000933.jpg 133  120  228  119  181  177  143  230  218  230
000934.jpg 166   98  206  100  200  117  169  158  205  158
000935.jpg 91  120  133  116  114  141   98  156  133  150
000936.jpg 288  290  352  208  354  295  367  346  431  275
000937.jpg 113  105  151  100  132  127  120  143  160  137
000938.jpg 109   83  138   71  126  100  126  120  149  112
000939.jpg 152  110  206  109  185  140  161  167  201  166
000940.jpg 495  282  605  259  536  346  518  397  633  369
000941.jpg 143  118  195  124  161  154  144  175  185  181
000942.jpg 267  428  434  394  326  499  302  592  443  568
000943.jpg 170   72  204   72  184   92  170  103  206  103
000944.jpg 61  101  105  100   78  126   66  149  103  148
000945.jpg 389  134  442  130  417  152  399  190  445  186
000946.jpg 152  150  221  156  185  187  150  219  213  224
000947.jpg 188  116  214  116  214  149  177  165  201  166
000948.jpg 73   87  113   87   99  112   69  121  108  121
000949.jpg 1030   607  1126   631  1112   708   992   775  1078   789
000950.jpg 129  117  187  116  145  153  131  181  181  182
000951.jpg 152  149  224  141  209  179  171  235  235  226
000952.jpg 149  166  219  155  197  197  164  232  225  222
000953.jpg 99  292  192  301  132  363  117  393  191  396
000954.jpg 250  182  318  179  281  219  247  247  312  240
000955.jpg 85  101  124   99  106  122   90  140  124  139
000956.jpg 173   88  208   83  191  108  177  118  213  113
000957.jpg 262  129  308  121  276  139  272  179  307  169
000958.jpg 67  100  113  107   89  130   63  150  102  155
000959.jpg 94  135  142  145  109  163   84  193  126  202
000960.jpg 263  198  349  214  301  267  245  283  338  298
000961.jpg 425  189  485  193  446  232  420  243  488  249
000962.jpg 132  214  183  210  154  247  139  273  182  272
000963.jpg 178  183  233  188  206  229  164  236  225  242
000964.jpg 125  153  178  152  167  190  132  217  173  217
000965.jpg 96   71  118   70  105   82   98   95  116   95
000966.jpg 152  199  237  201  192  257  151  275  235  280
000967.jpg 93   94  136   88  114  117  102  136  140  130
000968.jpg 135  182  189  175  170  213  139  235  195  229
000969.jpg 247  274  375  272  327  362  263  418  357  418
000970.jpg 131  121  174  117  143  147  134  170  182  166
000971.jpg 148  184  225  187  192  241  148  259  222  260
000972.jpg 68  143  122  153   71  189   63  210  109  222
000973.jpg 97  131  142  130  113  159   98  175  142  173
000974.jpg 66   91   96   84   80  102   72  120   99  114
000975.jpg 141  116  185  116  162  142  142  168  180  169
000976.jpg 222  116  262  108  244  137  235  157  265  151
000977.jpg 76  140  131  135  104  171   86  205  132  202
000978.jpg 238  147  294  142  280  184  252  219  295  213
000979.jpg 110   96  149  100  135  130  107  141  139  144
000980.jpg 150  217  222  194  170  258  172  303  231  289
000981.jpg 60  167  113  170   76  206   75  214  125  215
000982.jpg 539  287  627  281  568  369  566  398  642  392
000983.jpg 86  104   99  109   69  120   70  151   80  151
000984.jpg 155  186  225  174  188  219  169  251  240  241
000985.jpg 150  107  175  108  172  123  153  139  172  139
000986.jpg 582  374  682  355  624  435  609  458  705  447
000987.jpg 112  184  188  177  143  232  123  283  191  276
000988.jpg 194   76  215   76  206   88  195   96  212   97
000989.jpg 150  195  258  189  206  264  165  307  256  301
000990.jpg 454  412  617  430  539  514  460  580  596  592
000991.jpg 300  271  413  255  375  336  316  384  422  370
000992.jpg 238  124  280  123  261  158  242  173  280  173
000993.jpg 107  130  149  130  135  164  106  181  145  181
000994.jpg 66  163  128  160   85  204   77  238  122  238
000995.jpg 162   85  200   84  169  108  166  126  193  126
000996.jpg 165   90  194   91  183  108  163  121  195  122
000997.jpg 155  114  197  111  179  137  161  153  198  150
000998.jpg 218  145  277  143  246  176  229  212  273  209
000999.jpg 311  139  359  136  327  165  315  195  355  193
001000.jpg 119  169  159  168  135  195  124  208  161  204
001001.jpg 116   86  142   77  127   98  127  112  152  104
001002.jpg 21  179   71  184   25  220   25  233   75  239
001003.jpg 222  130  254  126  242  150  229  165  254  161
001004.jpg 81  188  151  172  105  220   97  258  165  241
001005.jpg 695  193  830  173  777  277  736  330  838  318
001006.jpg 129  154  204  149  160  195  125  225  204  224
001007.jpg 100   90  141   91  120  118   95  124  139  126
001008.jpg 269  155  380  224  273  222  186  292  277  358
001009.jpg 248  233  338  226  300  285  264  321  347  310
001010.jpg 177  128  227  124  206  159  180  179  230  175
001011.jpg 752   845  1065   758  1011   990   828  1174  1146  1077
001012.jpg 652  205  705  195  670  240  668  261  713  254
001013.jpg 197  238  289  217  264  292  215  322  300  302
001014.jpg 82   86  112   85   94  106   84  114  109  114
001015.jpg 133  162  192  154  178  197  147  227  199  219
001016.jpg 323  137  364  143  366  165  324  188  364  193
001017.jpg 135  399  264  351  202  484  223  551  304  528
001018.jpg 163  188  238  190  199  235  168  272  228  273
001019.jpg 317  127  355  125  341  150  318  165  357  162
001020.jpg 180  252  295  243  244  318  191  361  302  355
001021.jpg 792  321  904  302  840  392  824  446  916  433
001022.jpg 204  167  294  152  229  225  225  285  296  274
001023.jpg 293  140  338  139  316  166  292  182  338  182
001024.jpg 135  131  199  124  170  164  148  196  200  191